-64707
40593
-53662
-44623
-81259
30828
-53040
54209
49151
-97608
-73946
12467
-80125
-30066
6742
21321
73399
-92128
34880
9415
15321
83685
56071
-97142
30809
98549
83347
5624
-67837
-42266
18561
61484
71191
32693
84610
-30721
-77408
5899
14434
76905
1114
72227
15928
92639
-18768
-38275
92647
52973
-7152
-79698
-14109
-93198
-70237
23873
37954
-85207
77840
-82427
-90191
-54829
28956
-3657
81407
85717
-64916
-65434
78118
-57971
-71727
-62734
-30611
-39459
-70686
-61744
-13858
-9414
69288
-82111
24819
96300
17781
-39194
-71729
-83241
-9755
-45780
2382
20898
-91203
20021
57499
2488
-77677
-46420
-96691
-93840
20921
30593
-87782
-72099
-59749
73418
6112
57407
83474
49680
34696
7909
7293
93201
-55521
-25429
-59844
3647
-62164
-54291
-79410
58420
64686
89119
-20305
77327
27823
-34898
-22308
-94518
-15853
59409
42738
22625
-30261
-181
-6315
-27692
-42864
51535
80376
92440
-11302
62002
-63349
32692
57723
-61160
-51310
8083
-81992
-84895
98017
63966
-3707
-49045
-50988
69762
-46542
-67215
99639
-15129
-40139
-30140
11116
15197
54110
5906
61150
-68913
-802
59863
79471
56428
91600
-19660
-52277
65293
50481
87375
60821
-98626
77985
95885
59774
9380
74803
-86884
47331
-47811
49384
-16242
78375
-92718
-13610
31540
58821
54725
18125
-93114
44949
-1000
43931
61209
-3085
-735
-3302
59190
98434
90701
-64597
-13884
-59091
46812
45100
-4268
94224
-15889
-19714
-62953
29187
-83051
55385
14635
-2653
-82077
23060
20105
84737
94436
25718
-51
-89603
-78193
80845
78775
-56880
60912
-32176
-83256
89566
46274
23059
-75428
64974
-98185
-92585
-98475
-50506
-10557
-47362
83102
28121
49246
55451
-26749
51382
-75705
16152
30955
-887
-34607
32369
-85015
52443
33478
-22641
91974
-55656
62756
6144
92061
98901
18058
51572
-77436
39957
88716
-15855
-49539
-34225
-79921
-48034
-75227
-22056
-56502
83246
-20443
-41015
-19199
61666
-18399
1452
36597
-73227
12422
5525
-91800
-37925
55627
29113
77066
2831
-12774
-19942
65966
62222
29086
58513
-90448
-38070
34360
-69687
93996
-10666
16750
86136
78786
-64180
60907
16708
75089
60523
26091
-94345
34073
-59397
5497
-56979
-1609
-31674
65953
11701
-99180
78098
-99372
83289
88959
-99682
-3198
33227
-16498
-6282
-22269
59114
-5929
-42761
-11851
-38951
-55270
24250
36181
64279
47005
26331
39920
62276
-78952
-34913
-33464
-77646
-7673
-40664
-18525
-53357
-40535
85090
40113
-15349
43272
22584
-79370
51841
-32119
-86653
73777
63612
-80384
18240
-91361
-70328
-58131
81800
-36932
-11047
-36852
23047
69261
99936
48632
23831
-49556
-32471
-79220
82853
-7833
-13435
43161
-25659
17637
-71476
23150
17622
97902
32978
-58529
34472
-95104
45879
-13594
-88573
89443
-87381
-5029
36730
-86778
87653
-11923
-31157
70196
68492
82670
94123
-12472
57911
65478
-13089
-35473
6349
-15470
17645
-6346
47390
-91449
24437
33296
67849
26540
-20579
80052
57332
-7737
-63657
-80799
63380
-49996
33172
50895
36365
-83491
87203
-16861
5547
24083
94231
32306
-38259
68470
-28065
-5143
-28303
-19132
29530
94012
31546
37436
21164
-62442
76363
-20138
-29450
-62301
-83344
-86883
-23275
61871
47133
41006
-8182
24773
-6903
-10380
-59748
-54716
28282
-26226
-63534
45827
2231
98379
66681
18188
69162
-74468
15
93017
18452
51535
34166
96129
9767
-88543
-8083
83488
7715
48080
9170
-62197
-44480
-38141
60787
-47101
83470
-82057
-97116
4706
-75844
-43599
75366
69038
31817
76391
-33160
2749
91300
77736
41437
32281
52470
62372
-65151
-43278
-76915
47321
42714
87633
-35113
84385
60109
46781
82079
93122
11083
23140
14814
25069
48843
-9854
-28959
65430
-4254
-667
42593
-81615
-783
60441
-22712
-2453
65571
15299
-8975
64196
-74394
54521
-61114
-8566
-47669
56978
93047
-95486
23183
-36630
18831
62408
11965
-34403
-8346
92443
10705
-39812
-93355
-33339
-86840
35723
62540
35918
-19923
85070
10394
56882
-69629
-18777
41559
-67124
-17076
-37094
-38870
-68808
63577
26606
3714
-76625
95599
33633
61027
31789
77051
-13318
71479
-75571
93758
76563
-47269
-40086
64638
16042
53455
26189
82307
68001
82965
38183
18154
-1637
63254
-301
-84150
57669
-93054
39290
-43917
65248
-52649
26957
-68684
-27035
-47871
89720
-10190
50987
-53356
-54028
-54957
69329
-56469
-48190
84004
-56179
83761
91265
-34345
97712
7165
42990
47417
-91507
-93886
48119
64334
54211
81921
-44919
-90276
90738
-47961
-19097
-1069
46799
37931
-45403
-72400
66631
6795
-47480
43391
-71958
32516
-78155
-88021
-81441
54712
-97256
64267
98289
11308
75761
-37615
25847
19888
-29625
91541
-41531
75372
94657
71382
99268
-16046
-65041
69646
86701
-69093
-87287
-67221
-93097
52551
82349
41806
-36153
6147
-91978
13785
-3646
-98897
-39869
-96818
69144
-5626
73962
22076
-55861
-50779
-19524
65177
5495
22334
-48209
-30577
15419
38105
-67977
59347
-96554
82398
-18988
59214
14124
6055
41029
21091
58260
30430
84557
-68300
-75249
-60237
54077
-14692
-35104
8000
-45882
-28322
-8293
74692
-33187
52942
-93916
32123
11683
12440
-96846
72421
24339
95979
51501
16146
-19882
-17859
-56300
15902
-83363
75943
-8151
-66691
98720
-85379
49371
-35364
-40530
-35987
87330
-14678
-44180
-98873
13396
73533
-90479
-86417
1382
48671
65871
-10858
65061
-9226
-56041
7345
-70392
-30353
-66924
-96632
-15359
-82733
-43944
84603
-62639
47162
-98485
565
-39675
-93214
23430
-58684
79866
18061
15925
65605
16164
84393
-43450
30021
-70594
-51316
99786
-53077
62770
13917
-66191
-27950
-29253
13147
-40018
54860
-24545
63033
-82431
-28149
74551
77902
41124
5630
-75393
-80797
42583
52062
24434
-66186
83229
94979
95895
55464
-12204
84260
-57996
-25124
-33647
-4567
7442
-993
-21281
-67312
22541
31209
-69442
9203
-71290
49796
76253
-45454
59423
-95010
75677
-54022
30186
86639
-73392
-90764
7415
5717
63459
-26133
62656
82426
3970
-82326
72333
-54081
-83240
30489
-30001
85892
-79967
99886
-92349
45614
81583
-16325
-78486
51285
-75462
28065
81839
55957
-58396
35551
-9021
-668
-78722
76161
-96520
-99139
24236
44347
-79256
-32405
-45789
-28370
1582
-95340
-2262
76803
9970
6594
-90244
-37242
-56274
81896
60912
-91816
70350
91790
-19468
95727
-50067
-66943
-8329
-19656
-83662
-75137
-35513
63713
-44366
24139
-8936
-18770
-93356
6677
83159
73272
66753
-71088
11218
93754
14553
35457
-25725
36160
45717
-91327
80039
-6520
-49150
84495
-66093
-26593
-29746
4957
-9351
-81034
58585
20610
-21945
-40121
-68157
10927
77965
-45186
-7236
-56031
-26478
-92
61093
69408
-16216
18431
-50792
-54353
-84
66973
-3753
-33559
-49053
23473
-45628
3447
-71578
59537
71964
8495
-80643
38706
91081
-81122
59922
-99431
22119