4644
77729
-97567
-42896
72316
44596
-19404
24204
94816
-55118
58661
81229
22419
22747
13558
28802
-10462
-71989
-10099
-8806
-86135
-91432
95392
-13987
-7630
42133
8810
48883
81567
28283
18105
-5648
-98138
6881
-49048
-70544
51910
67577
10494
91722
46337
35570
-69938
-75333
-9557
93318
-64194
-48849
-12848
92345
-3094
-26528
86018
2702
15596
13655
18401
-26211
37121
58356
54838
-40535
7245
77996
41872
40209
-70193
90420
83181
-33177
69166
56776
25960
-19863
-53774
24842
-52017
-98877
-15948
26746
-64432
74604
-9080
30961
-23724
79780
-64418
34136
-66049
77395
-45222
9165
53857
-62816
-77495
35977
3543
47574
77086
44319
14614
-70611
42526
-14133
-287
-96353
-15697
84460
-33444
-7911
63904
89670
85646
95434
25990
59573
50647
81133
-18197
-6888
-23935
-79020
30392
-48722
-87135
7532
41788
-13633
-50308
-66361
-57690
-77114
65148
-28547
68739
4119
31105
40724
-31440
-4345
88830
55416
-77466
-67416
94952
-94370
37916
-41985
-75610
27758
98187
48806
97160
45334
-58288
-75872
-79893
-11914
-48457
45564
7591
30548
27808
-9827
-13394
38121
-45731
42306
-70013
56435
68998
26638
62195
16627
61792
-70808
-2141
3841
-35046
30456
34023
-62723
-70057
38140
54377
-1048
-28773
-80447
30481
-60390
24534
-18824
-31654
-95600
-94008
76293
-99395
36339
95016
33503
-7075
11493
-81120
-30050
-64200
40120
-39705
63362
-33434
-68144
9661
76723
-4207
-33124
73772
-67356
-42096
-74369
-16891
-90464
-14022
23255
-81897
33903
1646
43950
-19482
84788
34870
-43384
-62755
-94654
-53669
-11228
84058
14194
98272
12160
58950
-5491
58558
-44206
-5362
48488
45447
-68444
-55195
-21980
37494
-11170
11892
-89925
26864
70680
97150
4736
28382
49874
30288
42351
-15305
72569
42641
-54931
-63929
96488
11188
59086
-69193
-98837
-77873
25843
53984
-97183
-72781
-45534
-13087
-23247
53901
-51599
-67109
70075
81585
95058
69351
-41229
49581
60513
12550
-89725
-65638
30899
28224
-38557
-86952
68657
97827
24281
-56446
-34074
-4976
-89207
31471
-88302
-80044
48750
46211
2482
-64826
-11696
-68427
-55144
-99612
-86793
80408
39493
-28144
-23083
14132
-38263
-98971
-97394
-51176
-14677
-82982
-5428
-18564
-83156
-86405
-99208
62601
-9708
38604
12069
-94599
-54840
-93915
-39937
64065
54786
27516
75603
51984
71694
91209
-13019
-91307
47642
-79321
-54037
11390
-55369
26816
-9625
-46400
-27551
-42223
-32480
1913
60935
-16319
-73767
-59445
81693
89552
61692
-41455
-92874
9442
12488
1696
-81716
83397
-11088
31484
74663
-56079
86826
-95479
-88657
-79738
-73136
57010
55768
-14373
38995
13109
27875
-88440
-2237
-65050
3338
12146
-46513
90309
59854
83080
-50262
51641
72207
896
-73035
-34672
16017
-17575
-19945
-26044
26846
70592
40593
30231
-19049
-5480
-44468
567
-89196
-80995
-33549
28332
-46685
-91235
18742
-54388
-55378
72561
4669
-49796
-94217
-27197
23628
41205
7204
33199
47848
-88494
-1164
-23516
36708
68931
-51635
-4392
77584
56042
91643
46947
-24337
-84322
-82039
52839
10707
-43997
-68536
87632
15715
-2115
-30734
43806
-84778
67058
-98018
-72750
42102
16525
49638
70383
-33753
55207
-96725
47919
-5501
-26719
38809
-58742
60858
-37185
-67189
-69466
-25520
-31156
16761
77908
53776
-63405
12661
-72505
84290
69626
-20801
-30796
-2754
57331
65011
10324
-63539
41335
23681
53863
-65798
12734
-86489
